101100101011111011000011
101100101011111011000011
101100101011111011000011
101100101011111011000011
101100101011111011000011
101100101011111011000011
101100101011111011000011
010011010100000100111100
101100101011111011000011
101100101011111011000011
010011010100000100111100
101100101011111011000011
101100101011111011000011
101100101011111011000011
010011010100000100111100
010011010100000100111100
101100101011111011000011
010011010100000100111100
101100101011111011000011
101100101011111011000011
101100101011111011000011
010011010100000100111100
101100101011111011000011
010011010100000100111100
101100101011111011000011
010011010100000100111100
010011010100000100111100
101100101011111011000011
101100101011111011000011
010011010100000100111100
010011010100000100111100
010011010100000100111100
010011010100000100111100
101100101011111011000011
101100101011111011000011
101100101011111011000011
010011010100000100111100
101100101011111011000011
101100101011111011000011
010011010100000100111100
010011010100000100111100
101100101011111011000011
010011010100000100111100
101100101011111011000011
010011010100000100111100
101100101011111011000011
010011010100000100111100
010011010100000100111100
010011010100000100111100
010011010100000100111100
101100101011111011000011
101100101011111011000011
010011010100000100111100
010011010100000100111100
101100101011111011000011
010011010100000100111100
010011010100000100111100
010011010100000100111100
010011010100000100111100
101100101011111011000011
010011010100000100111100
010011010100000100111100
010011010100000100111100
010011010100000100111100
