-2.500000e-01 1.035534e-01 -2.500000e-01 -6.035534e-01
1.035534e-01 -2.500000e-01 -6.035534e-01 -2.500000e-01
-6.035534e-01 -2.500000e-01 1.035534e-01 -2.500000e-01
-2.500000e-01 -6.035534e-01 -2.500000e-01 1.035534e-01
-2.500000e-01 6.035534e-01 -2.500000e-01 -1.035534e-01
1.035534e-01 2.500000e-01 -6.035534e-01 2.500000e-01
-6.035534e-01 2.500000e-01 1.035534e-01 2.500000e-01
-2.500000e-01 -1.035534e-01 -2.500000e-01 6.035534e-01
2.500000e-01 1.035534e-01 2.500000e-01 -6.035534e-01
6.035534e-01 -2.500000e-01 -1.035534e-01 -2.500000e-01
-1.035534e-01 -2.500000e-01 6.035534e-01 -2.500000e-01
2.500000e-01 -6.035534e-01 2.500000e-01 1.035534e-01
2.500000e-01 6.035534e-01 2.500000e-01 -1.035534e-01
6.035534e-01 2.500000e-01 -1.035534e-01 2.500000e-01
-1.035534e-01 2.500000e-01 6.035534e-01 2.500000e-01
2.500000e-01 -1.035534e-01 2.500000e-01 6.035534e-01
