-0.465097065906184 0.0925135584407318 -0.13845632468709 -0.696066949034006
0.0925135584407318 -0.13845632468709 -0.696066949034006 -0.465097065906184
-0.696066949034006 -0.465097065906184 0.0925135584407318 -0.13845632468709
-0.13845632468709 -0.696066949034006 -0.465097065906184 0.0925135584407318
-0.465097065906184 0.696066949034006 -0.13845632468709 -0.0925135584407318
0.0925135584407318 0.465097065906184 -0.696066949034006 0.13845632468709
-0.696066949034006 0.13845632468709 0.0925135584407318 0.465097065906184
-0.13845632468709 -0.0925135584407318 -0.465097065906184 0.696066949034006
0.13845632468709 0.0925135584407318 0.465097065906184 -0.696066949034006
0.696066949034006 -0.13845632468709 -0.0925135584407318 -0.465097065906184
-0.0925135584407318 -0.465097065906184 0.696066949034006 -0.13845632468709
0.465097065906184 -0.696066949034006 0.13845632468709 0.0925135584407318
0.13845632468709 0.696066949034006 0.465097065906184 -0.0925135584407318
0.696066949034006 0.465097065906184 -0.0925135584407318 0.13845632468709
-0.0925135584407318 0.13845632468709 0.696066949034006 0.465097065906184
0.465097065906184 -0.0925135584407318 0.13845632468709 0.696066949034006
