-4.650971e-01 9.251356e-02 -1.384563e-01 -6.960671e-01
9.251356e-02 -1.384563e-01 -6.960670e-01 -4.650972e-01
-6.960671e-01 -4.650971e-01 9.251356e-02 -1.384565e-01
-1.384563e-01 -6.960670e-01 -4.650971e-01 9.251356e-02
-4.650971e-01 6.960670e-01 -1.384563e-01 -9.251368e-02
9.251356e-02 4.650971e-01 -6.960670e-01 1.384562e-01
-6.960671e-01 1.384563e-01 9.251356e-02 4.650970e-01
-1.384563e-01 -9.251368e-02 -4.650971e-01 6.960669e-01
1.384562e-01 9.251356e-02 4.650970e-01 -6.960671e-01
6.960669e-01 -1.384563e-01 -9.251368e-02 -4.650972e-01
-9.251368e-02 -4.650971e-01 6.960670e-01 -1.384565e-01
4.650970e-01 -6.960670e-01 1.384562e-01 9.251356e-02
1.384562e-01 6.960670e-01 4.650970e-01 -9.251368e-02
6.960669e-01 4.650971e-01 -9.251368e-02 1.384562e-01
-9.251368e-02 1.384563e-01 6.960670e-01 4.650970e-01
4.650970e-01 -9.251368e-02 1.384562e-01 6.960669e-01
