11110010000011111110101001000001001101010111011011
10111101001111110010000000001001010001101100000010
10110110001111100010101100010011110001011101000100
10111111111111010000010010011101010111001000010100
11101100001101011101101011100011001000110111111010
10100000110110000010101100101100010000111000100111
11100110001110111101010011110001011010011011010011
11110111101111001001001010111111110001101000100011
01001001011000110100001101000011000000110110110100
01000110111101011101111000001000101000111001100010
01010000100110001001000101010011001001110111010001
00011110000001111100001010011101001110011010101110
00001010101000110001011111100001010111111100110000
00011011111101010011111100101011001110100101001011
01010011000101011000100111110001011011010001101011
01010011011111010111110010111100101000110111010110
